id,Status_C,Status_CL,Status_D
7905,0.3846439965055077,0.001818715545282487,0.6135372879492098
7906,0.3689946614380761,0.5597665266082684,0.07123881195365551
7907,0.0007413688161036724,0.00042946564268929325,0.9988291655412072
7908,0.978134443697025,0.0006399519988063712,0.021225604304168554
7909,0.9350362140022402,0.02694219904349083,0.038021586954268945
7910,0.9994493107739767,7.881913760096808e-06,0.000542807312263306
7911,0.9865658197686331,0.00014746619512046475,0.013286714036246245
7912,0.009971380298985677,0.005512346410330073,0.9845162732906843
7913,0.002033826506143325,3.295022927981985e-05,0.9979332232645769
7914,0.6928174489480695,0.00033285494703337663,0.30684969610489704
7915,0.7803152111023028,0.007290404909435406,0.21239438398826188
7916,0.8182208847090264,0.002079224676270127,0.17969989061470348
7917,0.5866934954037843,0.053401467559891815,0.35990503703632387
7918,0.9682678774777587,0.0006084055115622236,0.031123717010679293
7919,0.7244135877964321,0.16931886467859456,0.1062675475249733
7920,0.9616497085641847,0.0004334606057461467,0.03791683083006917
7921,0.8996846913926144,0.002096569245173666,0.09821873936221197
7922,0.0007012535721296668,5.5113062183706676e-05,0.9992436333656866
7923,0.8432177079543371,0.0002716482476286539,0.1565106437980343
7924,0.4587016479209616,0.1820995925553145,0.359198759523724
7925,0.0003360007014060997,0.00012498207668126408,0.9995390172219126
7926,0.9515510298415136,0.00011362771836112349,0.04833534244012533
7927,0.9654808322697748,0.0028654536607575012,0.03165371406946763
7928,0.030653942674438776,0.010729233642716031,0.9586168236828451
7929,0.9808131832304943,0.0013693465847696678,0.017817470184735975
7930,0.11265398080242338,0.08199046229181498,0.8053555569057615
7931,0.9400124660455076,0.0006447659779071366,0.05934276797658521
7932,0.05027939469813503,0.011218227435644261,0.9385023778662207
7933,0.6190592615160316,0.03849662476265476,0.34244411372131345
7934,0.9914397320172775,3.896665994101911e-05,0.008521301322781682
7935,0.9697104686913955,0.00406579664538218,0.02622373466322217
7936,0.7695535448954575,0.10116892105714292,0.12927753404739958
7937,0.27869329249142555,0.0038448076978762915,0.7174618998106982
7938,0.9565887203802543,0.00021624440612856831,0.04319503521361732
7939,0.4022053950086269,0.11772268634280585,0.48007191864856735
7940,0.482318959434992,0.3288112047555791,0.18886983580942887
7941,0.019031877320466274,0.1040636905052134,0.8769044321743203
7942,0.9478293641946123,0.00010154985291077009,0.052069085952476855
7943,0.0053937823885618925,0.0008720365819230676,0.9937341810295149
7944,0.987719042056033,7.492747382845057e-05,0.012206030470138528
7945,0.9509618587008807,8.363375534990782e-05,0.04895450754376948
7946,0.976524415719616,0.0011385515417849446,0.022337032738598824
7947,0.9013870794240814,0.0008510124871205624,0.0977619080887981
7948,0.046209499266902,0.000774213074661925,0.953016287658436
7949,0.05910759620124717,0.2354545534008247,0.7054378503979281
7950,0.9766147717972746,0.0006045634148359019,0.022780664787889343
7951,0.1751611837244987,0.037210118854850205,0.787628697420651
7952,0.18797832683835075,0.18945893750350432,0.622562735658145
7953,0.004659316377230507,5.122310254120188e-05,0.9952894605202283
7954,0.9343675750967191,0.0007305593807086692,0.0649018655225721
7955,0.12987803610035517,0.0068011001418881315,0.8633208637577567
7956,0.004089404835493246,0.0013369352017033752,0.9945736599628033
7957,0.8794413115016296,0.005434650734638934,0.11512403776373137
7958,0.0021839781456778127,0.002828061658517827,0.9949879601958045
7959,0.04087595011434795,0.006987771676052048,0.9521362782096001
7960,0.033418701904000626,0.0004788144135486045,0.9661024836824508
7961,0.8605749697046942,0.02020350156565529,0.11922152872965053
7962,0.17003889850932832,6.300966325511006e-05,0.8298980918274166
7963,0.08687575346715506,0.45687545354353176,0.45624879298931326
7964,0.004265465574593014,0.00032805069411388104,0.995406483731293
7965,0.9949081948408849,0.00038598446786004186,0.004705820691255198
7966,0.38559392058438463,0.0015983695526592182,0.6128077098629563
7967,0.8556417769085788,0.015942300530056155,0.128415922561365
7968,0.9709486259927589,4.3277024096952534e-05,0.029008096983144088
7969,0.1165580463642833,0.03980395939983854,0.8436379942358782
7970,0.912473186151136,0.00024673419187033844,0.08728007965699366
7971,0.9843837285869808,0.00010771346762926568,0.015508557945389984
7972,0.7669956734294096,0.051719096250626845,0.18128523031996369
7973,0.9516162044579648,0.0007029269111266193,0.047680868630908695
7974,0.18468130338090671,0.09276801047063785,0.7225506861484554
7975,0.8939717330496688,0.01414703802119838,0.0918812289291327
7976,0.9380729679111733,0.00020676441461651965,0.06172026767421012
7977,0.9837683309202178,0.0010379597795245393,0.015193709300257603
7978,0.013589467220130949,0.017364795158557277,0.9690457376213117
7979,0.4499307376790312,0.007926726318008354,0.5421425360029605
7980,0.9956827600979231,2.4921475076940777e-05,0.004292318427000091
7981,0.86832471491314,0.0009112761745858987,0.13076400891227413
7982,0.9563373342804622,0.002111121956851243,0.04155154376268667
7983,0.9717676377952589,0.0023504802376543205,0.025881881967086837
7984,0.07298419036550587,0.0013787981305576314,0.9256370115039365
7985,0.399449776735497,0.010061918250693646,0.5904883050138094
7986,0.08387433817616244,0.01445066529563148,0.901674996528206
7987,0.5383570776232681,0.012429049708336457,0.4492138726683954
7988,0.8588890670879145,0.0029832945361773938,0.13812763837590822
7989,0.9632610954499631,0.007545224421810159,0.029193680128226724
7990,0.5312941002672865,0.00025452463141081616,0.4684513751013025
7991,0.019943704642578067,0.0004873776264231696,0.9795689177309989
7992,0.8520651088191499,0.00027768962183314386,0.14765720155901696
7993,0.8902386703105165,0.0031785681696189167,0.10658276151986454
7994,0.9890814866423522,0.0025935588694104804,0.008324954488237463
7995,0.5859442050889161,0.018896939414597743,0.39515885549648616
7996,0.003149309560511729,0.006760952302720696,0.9900897381367675
7997,0.9591276633241002,0.00821923726648907,0.032653099409410795
7998,9.54022226054873e-05,2.2465706628912653e-05,0.9998821320707656
7999,9.445037869420607e-05,9.433917143289771e-06,0.9998961157041625
8000,0.8752667691869958,0.004557743349890526,0.12017548746311367
8001,0.8127132870162427,0.002461430597362037,0.18482528238639528
8002,0.3004356855441868,0.3696316477676684,0.32993266668814486
8003,0.9103495781418055,0.06186868092828001,0.027781740929914433
8004,0.26045681485467276,0.001523013187791843,0.7380201719575354
8005,0.9606956041541685,0.0005009917224125383,0.03880340412341894
8006,0.9637839392681014,0.004822258096246682,0.03139380263565205
8007,0.748779084126509,0.0011856569024145673,0.2500352589710763
8008,0.9535580911236562,0.007597290125564327,0.038844618750779505
8009,0.8208566205677494,0.0018025075217760127,0.17734087191047457
8010,0.9031264159872388,0.056158273624596654,0.04071531038816459
8011,0.9618310609453832,0.0006992494344309751,0.037469689620185744
8012,0.8848685396690414,0.00025018011217757633,0.11488128021878101
8013,0.012857476770930406,0.0015740352633792274,0.9855684879656903
8014,0.9922722427842177,0.0020393725855148,0.005688384630267616
8015,0.9576600596907101,0.00035328069298650524,0.04198665961630321
8016,0.9956859525535555,0.000877838896666441,0.003436208549778052
8017,0.4711597762187155,0.00031269885617280424,0.5285275249251116
8018,0.5806995637048891,0.02548314803562072,0.39381728825949025
8019,0.9868342549107401,0.0006195409681137866,0.012546204121146286
8020,0.8452440013025503,0.004365028501420407,0.15039097019602926
8021,0.029277716865825636,7.574074853676602e-05,0.9706465423856375
8022,0.02487747774496329,0.004022250109326,0.9711002721457107
8023,0.7000170177021472,0.16365841877322826,0.1363245635246247
8024,0.9777597246104045,7.452936481719196e-05,0.022165746024778242
8025,0.07293375727946798,0.01325672316870034,0.9138095195518318
8026,0.9919729655329451,0.0003545021268593381,0.007672532340195589
8027,0.9935750972952019,0.0001064844204569912,0.006318418284341241
8028,0.010823858771539172,0.0007758117024201398,0.9884003295260407
8029,0.03340173890700689,0.004934052002656719,0.9616642090903363
8030,0.9993018911513849,1.150189090951855e-05,0.0006866069577056352
8031,0.8107029706344057,0.0982262464048585,0.09107078296073597
8032,0.9851358728243866,4.234708262559321e-05,0.014821780092987792
8033,0.04534257928594991,0.02064921592732601,0.9340082047867241
8034,0.49363139121486965,0.038135315100477254,0.46823329368465305
8035,0.9736366727341071,0.000588845951125622,0.02577448131476722
8036,0.08252503783246712,0.9166848414449604,0.0007901207225723111
8037,0.20218548178535006,0.004650391239458313,0.7931641269751916
8038,0.5961511313640406,0.0055113636599956415,0.39833750497596376
8039,0.027563040964486946,0.0013139643286018067,0.9711229947069113
8040,0.4073680749718933,0.06946009469371048,0.5231718303343962
8041,0.09565958761387279,0.00661412572637882,0.8977262866597484
8042,0.006200565920632492,0.0016083096000102668,0.9921911244793573
8043,0.9831259643681582,0.00021041799103274235,0.016663617640808988
8044,0.009676426700639873,2.7025521577927136e-05,0.9902965477777822
8045,0.09936121313511077,0.0863759904170056,0.8142627964478837
8046,0.9648427686035984,8.47978141459684e-06,0.03514875161498688
8047,0.8743464681079486,0.0018361643929877018,0.12381736749906376
8048,0.9571926881812238,0.006074222501495907,0.03673308931728019
8049,0.1443391951889137,0.7924951659069216,0.06316563890416475
8050,0.23314488553224075,0.0001975421396585533,0.7666575723281007
8051,0.019523605622885798,0.00022910347657435895,0.98024729090054
8052,0.9625409413030586,0.03194623017449476,0.005512828522446595
8053,0.015001570056004084,0.14360016457647426,0.8413982653675216
8054,0.8989611917443013,0.015243654525434107,0.08579515373026456
8055,0.3936281065006042,0.05091466164194278,0.555457231857453
8056,0.9737140599322586,0.0027895787174418226,0.0234963613502996
8057,0.8387595388473426,0.0003821040766515734,0.160858357076006
8058,0.9544286817106842,0.0005679788899935243,0.045003339399322384
8059,0.8642305350463254,0.005822489051622691,0.12994697590205184
8060,0.03217104299847665,0.4281120611260391,0.5397168958754842
8061,0.0487512890896983,0.13659849136970006,0.8146502195406017
8062,0.026424339930056596,0.0005224639725871984,0.9730531960973562
8063,0.9893438124571527,0.003065494207594338,0.007590693335252905
8064,0.004613116097764746,0.012591317794069539,0.9827955661081658
8065,0.7943524917345726,0.014571916826153056,0.19107559143927458
8066,0.9964148179130686,0.0010704882286042682,0.0025146938583271885
8067,0.04389128170788296,0.0018656783276615376,0.9542430399644555
8068,0.9727883703628057,0.014284259611516628,0.012927370025677665
8069,0.9759458905053006,0.0010177752068046533,0.023036334287894863
8070,0.9640479452002436,0.00039495899858573336,0.03555709580117074
8071,0.7945111177210514,0.0021794439010940736,0.20330943837785445
8072,0.9620493247778791,0.0008909695587147751,0.037059705663406245
8073,0.9861913959924411,0.0006829247164903448,0.01312567929106873
8074,0.9207337027940673,0.00310670260503617,0.07615959460089661
8075,0.9831769245716634,0.002347527514583845,0.01447554791375295
8076,0.9701594137824079,0.01901223213687058,0.010828354080721561
8077,0.02957127350192909,0.22062026933616527,0.7498084571619056
8078,0.20289142283553707,0.0008142171448736988,0.7962943600195892
8079,0.9949256849412372,4.626421764668503e-05,0.005028050841116108
8080,0.9576239685240988,0.02050924465070466,0.021866786825196445
8081,0.9445518269667138,0.0008544197769067731,0.054593753256379454
8082,0.9672350900448622,0.0003513223308483599,0.03241358762428959
8083,0.6299691098347199,0.1459912464135755,0.2240396437517046
8084,0.0038149799840796654,6.311774709555878e-05,0.9961219022688249
8085,0.9818483160707401,0.010356976891509799,0.007794707037750186
8086,0.00014496455926761264,1.2714371702302444e-05,0.99984232106903
8087,0.4197041734406622,0.02439501569660072,0.5559008108627371
8088,0.047990888123508144,0.0011494016265862588,0.9508597102499057
8089,0.04608985218844967,0.00010694900724448243,0.9538031988043059
8090,0.00408173688737913,0.000532659591167325,0.9953856035214537
8091,0.9435896723143543,0.0019952897739605123,0.05441503791168508
8092,0.0005964409493899716,2.778551364682995e-05,0.9993757735369632
8093,0.9677995110715472,0.006274634810837159,0.025925854117615717
8094,0.03988371649133923,0.06312202052676412,0.8969942629818967
8095,0.6252654135804828,0.06112373392254653,0.31361085249697057
8096,0.33876074765264685,0.001234228188475575,0.6600050241588775
8097,0.10454694900825864,0.0007238887475897243,0.8947291622441517
8098,0.9277201697080981,0.02964583570804134,0.042633994583860524
8099,0.9230901398971123,0.00015578631932370223,0.07675407378356416
8100,0.008321493404959794,0.002057742866471019,0.9896207637285692
8101,0.21740657956716183,0.0033058434416282393,0.7792875769912099
8102,0.9112110283438085,0.06039018484750836,0.02839878680868321
8103,0.09773112175988073,0.5785240216938002,0.3237448565463191
8104,0.32500826408304634,0.09561603578353382,0.5793757001334199
8105,0.001981826722965592,7.555752548810302e-05,0.9979426157515463
8106,0.9688786179986177,0.000783033410356909,0.030338348591025407
8107,0.0008614553734050971,0.00020292545032805676,0.9989356191762668
8108,0.9521891111601833,0.002899117310985146,0.04491177152883172
8109,0.784439626075052,0.0003916585059930921,0.2151687154189549
8110,0.9985211585670215,0.00041630132521858687,0.0010625401077600004
8111,0.860635972541294,0.10690324792706989,0.03246077953163616
8112,0.8571806618929418,0.0011651799787242693,0.1416541581283339
8113,0.0007204327717648272,0.000509606975064055,0.9987699602531711
8114,0.028279231810856946,0.0014415243423250529,0.9702792438468181
8115,0.9632371837590117,0.0005167802200478768,0.0362460360209404
8116,0.8205619307368904,0.016936295941586924,0.16250177332152252
8117,0.04090950248122336,0.15010551764018476,0.8089849798785919
8118,0.707766328680856,0.003547092547391022,0.28868657877175313
8119,0.7883963624336049,0.020039567371346916,0.19156407019504806
8120,0.9825530020749498,0.0022168244297152894,0.015230173495334962
8121,0.16399279924009325,0.503336953831987,0.33267024692791974
8122,0.9957586064477293,0.00015047776699623645,0.004090915785274438
8123,0.9961219554454761,0.00011516616170539449,0.0037628783928184317
8124,0.3164873109581065,0.0711511350109004,0.612361554030993
8125,0.7507360296180985,0.0008620448612465934,0.2484019255206549
8126,0.9553788573623901,0.005904318519678835,0.03871682411793104
8127,0.23097570096667597,0.0026383398235877357,0.7663859592097363
8128,0.41458228846363027,0.0034916507028020364,0.5819260608335677
8129,0.9587501643807963,0.034533073059939697,0.006716762559263915
8130,0.5984628563184603,0.00768935909297083,0.39384778458856895
8131,0.0020388044716834397,0.002486626155041029,0.9954745693732755
8132,0.8402613153500507,0.07311477323794226,0.08662391141200708
8133,0.9872672955862133,0.003871605014666497,0.008861099399120444
8134,0.6547541278487213,0.011235365436480868,0.3340105067147977
8135,0.014787169138696491,0.0003637459222781105,0.9848490849390255
8136,0.00878657620804979,0.0002024365772820351,0.9910109872146682
8137,0.036087149468377745,0.00020711343775415834,0.963705737093868
8138,0.06834616984382956,0.0035691113816670693,0.9280847187745034
8139,0.01237044642694525,0.000363830036066233,0.9872657235369885
8140,0.8710566369023391,0.00785911224858934,0.1210842508490716
8141,0.9767552142340125,8.791750693529475e-05,0.023156868259052336
8142,0.7933559620228905,0.19870639721962569,0.00793764075748378
8143,0.42739777561511,0.5670508751087583,0.005551349276131825
8144,0.08482199132171672,0.009625919710600409,0.9055520889676829
8145,0.9878523499290751,0.0004351339325593266,0.011712516138365556
8146,0.9960734203354425,0.00010933395843943626,0.0038172457061179553
8147,0.7540936430295918,0.00046408022239630733,0.2454422767480119
8148,0.9758245436807981,0.00035320126573228804,0.023822255053469618
8149,0.9988264793316299,0.0001277381865534942,0.0010457824818166054
8150,0.9787455271026534,0.0023302947878784904,0.018924178109468094
8151,0.051676280622145555,0.0003697500428637074,0.9479539693349907
8152,0.9801698456513199,0.00017740053571214408,0.019652753812968042
8153,0.8240820530625332,0.0005051949684159503,0.17541275196905085
8154,0.9894785968319239,0.0034509437108095685,0.007070459457266522
8155,0.17909171999321966,0.016569438119688668,0.8043388418870917
8156,0.9917533224778224,0.0013656936458374327,0.006880983876340095
8157,0.8588883136437149,0.0005785181459764274,0.14053316821030878
8158,0.8944301973747011,0.10034984639532879,0.005219956229970088
8159,0.27748267214792915,0.060400617036543654,0.6621167108155273
8160,0.3147676839857319,0.024833516526108126,0.66039879948816
8161,0.6478546090278371,0.14148287217603223,0.21066251879613063
8162,0.04646390057751947,0.9021532977011087,0.05138280172137193
8163,0.029476455751338348,0.0020269251192415786,0.96849661912942
8164,0.6843141084422156,0.007626980954035883,0.30805891060374846
8165,0.009147615560100566,0.0004119263286935374,0.990440458111206
8166,0.8433153924865384,0.0005187508621566033,0.15616585665130492
8167,0.3231796973617071,0.024564997073535814,0.6522553055647571
8168,0.5468533822896574,0.000663624692274083,0.4524829930180685
8169,0.8432576092496141,0.0015783901594406177,0.15516400059094512
8170,0.5031488863803532,0.17443101988520723,0.32242009373443964
8171,0.0030673145278781963,7.856004085697945e-05,0.9968541254312648
8172,0.002024651578382081,0.0009861799794585427,0.9969891684421595
8173,0.829431931650242,0.004636621810610684,0.16593144653914732
8174,0.9933529514710704,2.652760428817754e-05,0.006620520924641611
8175,0.9916174303651728,0.002879622263885534,0.005502947370941464
8176,0.5192657288168272,0.00042608338019066026,0.4803081878029821
8177,0.04645251348140616,0.005670748754461565,0.9478767377641323
8178,0.7389908045654296,0.008723389864843537,0.25228580556972696
8179,0.44323710998028193,0.0041800743061791035,0.552582815713539
8180,0.4453432062211428,0.06910911178304274,0.4855476819958144
8181,0.5433148778596613,0.008323879416645313,0.44836124272369354
8182,0.9926382303021257,0.0001526702850368831,0.007209099412837412
8183,0.1963197901155444,0.01375784629879962,0.7899223635856559
8184,0.9623108564197329,0.002048500523065803,0.035640643057201306
8185,0.9990773693432998,0.0002365491043453468,0.0006860815523546958
8186,0.9812399682056009,0.0011122748918939458,0.017647756902505172
8187,0.03047852267449883,0.002394006584623744,0.9671274707408775
8188,0.8844080881936827,0.0027203447047339123,0.11287156710158332
8189,0.06868478129902687,0.10313993808214907,0.8281752806188242
8190,0.017436177229779075,0.8416491146201988,0.14091470815002224
8191,0.9898463767674088,0.0008563423786249167,0.009297280853966399
8192,0.9713124992158999,0.0006271493458763512,0.028060351438223913
8193,0.9660217026925768,0.0002244209206873133,0.03375387638673598
8194,0.7824525961569972,0.17019640705609562,0.04735099678690713
8195,0.8154319656721133,0.0008156183192040483,0.18375241600868267
8196,0.9758560338405049,0.0004374490712226295,0.0237065170882726
8197,0.9213042497549175,0.00010201793334373258,0.07859373231173875
8198,0.6490034941277881,0.002526719904730494,0.34846978596748146
8199,0.9778275511257448,0.0030730835178658647,0.019099365356389276
8200,0.998540233719856,6.108665771332344e-05,0.0013986796224306367
8201,0.05219124251529143,2.020813217110265e-05,0.9477885493525374
8202,0.39188733242944274,0.03944688834727201,0.5686657792232852
8203,0.7891736937754107,0.011404004478259205,0.1994223017463301
8204,0.05787444773208085,0.016399618294408412,0.9257259339735108
8205,0.9439069720345967,5.551660363171383e-05,0.05603751136177148
8206,0.11576499816912686,0.000602295733594644,0.8836327060972785
8207,0.9919015391037174,0.0003444534493158164,0.007754007446966907
8208,0.12120735846991253,0.013485281804700884,0.8653073597253865
8209,0.2576817943608606,0.002690048077396726,0.7396281575617426
8210,0.8425360666440233,0.00020500894730116163,0.15725892440867564
8211,0.47128861934339533,0.08827263907774473,0.44043874157885987
8212,0.9481211527545989,0.0027588195058867245,0.049120027739514203
8213,0.9288927768284233,0.013513482122540416,0.05759374104903629
8214,0.007044272274457137,0.0023269723235870747,0.9906287554019558
8215,0.9577882144698081,0.03299945775223121,0.009212327777960612
8216,0.9501450943261412,0.012748613513377813,0.03710629216048084
8217,0.8493702351382927,0.08179300494016205,0.06883675992154521
8218,0.020079346305591588,0.02260664575287726,0.9573140079415312
8219,0.9950154132059508,0.003841923126622497,0.0011426636674267854
8220,0.9317778668604203,0.001040165935957306,0.06718196720362238
8221,0.36190639820194176,0.0003268467521977758,0.6377667550458606
8222,0.18876685440792468,0.004335607748779229,0.8068975378432961
8223,0.7898537418396469,0.04908984106446456,0.16105641709588853
8224,0.7501686075444464,0.030292955196049826,0.21953843725950378
8225,0.008451276400527969,0.0008296522923870514,0.9907190713070849
8226,0.0009229221287294832,6.903014152552934e-05,0.999008047729745
8227,0.9974443983578671,0.00013499285515333731,0.0024206087869793323
8228,0.959231803613216,0.0007258421403086703,0.040042354246475294
8229,0.3259370340640723,0.0016650291642180057,0.6723979367717097
8230,0.32090545951062244,0.10705687267463315,0.5720376678147443
8231,0.8260393220487888,0.14262428060339666,0.031336397347814404
8232,0.8950485274051091,0.0010180939931161504,0.10393337860177483
8233,0.0071280217277751405,0.0030432342111305403,0.9898287440610944
8234,0.9448748717160179,0.0009464716609334491,0.054178656623048646
8235,0.2386721464943133,0.004583833215250636,0.7567440202904361
8236,0.16207212690063658,0.0009346508432128575,0.8369932222561506
8237,0.938157607158932,0.02043935300186672,0.04140303983920134
8238,0.4228591888702143,0.001946911397028992,0.5751938997327568
8239,0.03156654952724131,0.06746910431445183,0.9009643461583069
8240,0.9708028394042277,0.004851961326568087,0.024345199269204188
8241,0.002306199802536566,3.13495012959339e-05,0.9976624506961675
8242,0.903976085812866,0.001274406322966887,0.09474950786416703
8243,0.7080601720600066,0.06433333052925344,0.2276064974107399
8244,0.9949945502376185,1.878842821050423e-05,0.004986661334170873
8245,0.9973633630920227,0.00041103623343767396,0.002225600674539628
8246,0.5617159024856143,0.031124195063708723,0.4071599024506769
8247,0.9975011357591709,0.0001022832967897587,0.002396580944039261
8248,0.98910038869674,0.004098017537559125,0.00680159376570098
8249,0.6938655865830334,0.018890451410334803,0.2872439620066318
8250,0.9889575487058107,0.0024664846317084673,0.008575966662480965
8251,0.6226340632877447,0.00016525786877137486,0.377200678843484
8252,0.9152731986184153,0.0008554279838946042,0.08387137339768999
8253,0.9887677919043213,0.0005630130536409902,0.010669195042037663
8254,0.7250853018762763,0.0100160152280731,0.2648986828956507
8255,0.49464609108381863,0.037212370979362225,0.46814153793681923
8256,0.5985728121208934,0.004022931485770241,0.3974042563933364
8257,0.7610483322381627,0.20981341418455215,0.029138253577285098
8258,0.0011209817773913259,1.4660735901701901e-05,0.998864357486707
8259,0.03776775103449454,0.006526078991666931,0.9557061699738386
8260,0.9867778270637649,0.00020708839811121714,0.013015084538123941
8261,0.8396208307593565,0.008505475183248623,0.15187369405739495
8262,0.8976593747517441,0.0006512799277529825,0.10168934532050304
8263,0.8604782392788852,0.11962073417696786,0.01990102654414681
8264,0.9581713757911805,0.00013493033820677602,0.041693693870612655
8265,0.7827558733863633,0.04686074357742013,0.17038338303621656
8266,0.0003830835104353159,2.9337110636818e-05,0.9995875793789278
8267,0.8899425857085508,0.008270455405748466,0.10178695888570088
8268,0.9344379266955644,0.003131332522310834,0.062430740782124856
8269,0.9529985671890051,0.001788010931706061,0.04521342187928882
8270,0.48723300412398707,0.010109284466643869,0.5026577114093691
8271,0.9257789677184857,0.041339495939173375,0.03288153634234114
8272,0.9665368631122563,0.0006604654645833967,0.03280267142316047
8273,0.8438646996769908,0.14634801949086318,0.00978728083214586
8274,0.9495495968638268,0.003469372691558831,0.04698103044461442
8275,0.024998153038457094,0.0010301950700544891,0.9739716518914883
8276,0.2145517292708221,0.0013213873239610939,0.7841268834052169
8277,0.9748964279495126,0.007515210145772329,0.017588361904714956
8278,0.7973130698647294,0.0028677307011143907,0.1998191994341561
8279,0.8836405150905483,0.000294392951768493,0.11606509195768304
8280,0.00290213966975614,0.025281769556005577,0.9718160907742384
8281,0.7003758377399573,0.00526041506947665,0.294363747190566
8282,0.9940199795569649,0.0013093526847852614,0.004670667758249923
8283,0.9111957152926812,0.004287183996824036,0.08451710071049473
8284,0.9702259310263844,0.003205890059916713,0.02656817891369884
8285,0.07280756581770631,0.0017780723208695322,0.9254143618614241
8286,0.9976028507511766,0.000367975507593199,0.0020291737412301775
8287,0.9188865135414234,0.0005508064343539614,0.08056268002422264
8288,0.9807850584503784,0.0009771281260322047,0.01823781342358923
8289,0.17853715652014063,0.006094925771478627,0.8153679177083807
8290,0.16869382175723432,5.169619726259331e-05,0.831254482045503
8291,0.21003359221942658,0.0009813622039980124,0.7889850455765754
8292,0.8911865415848325,0.0003211312450910765,0.10849232717007644
8293,0.9460551705708918,0.00027041533645076393,0.05367441409265751
8294,0.99008636553764,0.0008096916769118858,0.00910394278544838
8295,0.9938523845607468,0.00011076267289186996,0.006036852766361284
8296,0.9319227157410402,0.00032490785639694195,0.06775237640256263
8297,0.9280038606719596,0.0016364808329804787,0.07035965849505993
8298,0.9966758305461956,0.0003394962922751577,0.0029846731615293656
8299,0.9761574129341397,0.0010376559108605553,0.022804931154999653
8300,0.682635244467501,0.013318812709027126,0.30404594282347175
8301,0.7355790182870977,0.0026062065785955714,0.2618147751343066
8302,0.15212980315143276,0.016808794958989907,0.8310614018895773
8303,0.9221165118144116,8.788415904270681e-05,0.07779560402654585
8304,0.008551288673477186,0.010045356850564641,0.9814033544759583
8305,0.9702492259003659,0.0013069285877429198,0.0284438455118912
8306,0.9249241269330571,0.00041818599179180033,0.074657687075151
8307,0.041512980901011125,0.0006172444998502408,0.9578697745991386
8308,0.8622328901565285,1.7214970897684235e-05,0.1377498948725738
8309,0.015454850859375126,0.0033016203457045513,0.9812435287949202
8310,0.8993780884041249,0.011687802076378711,0.0889341095194965
8311,0.9853061785969078,1.1296562988172166e-05,0.014682524840103985
8312,0.9726492186320295,0.0003543162014088775,0.026996465166561692
8313,0.990905097369165,0.0033547094519451393,0.005740193178889978
8314,0.987523999850307,0.000466409718252723,0.012009590431440164
8315,0.9390663649423721,0.02723297474463841,0.03370066031298953
8316,0.9361251496202511,0.03798332092362431,0.025891529456124694
8317,0.9597227900758261,0.019926000372240064,0.020351209551933966
8318,0.16589766484364107,0.076171220800586,0.757931114355773
8319,0.0006505823870827593,0.0003439223152035093,0.9990054952977139
8320,0.8400380234069803,0.002872317078631854,0.15708965951438786
8321,0.9008294358439916,0.0150996225812976,0.08407094157471087
8322,0.3589531681648631,0.007865821625565933,0.633181010209571
8323,0.0008160440296907999,0.0018500509765756099,0.9973339049937336
8324,0.005010314351640664,0.0007428666028784225,0.994246819045481
8325,0.993178749723758,0.006265405557408109,0.0005558447188339515
8326,0.9763444960373361,0.007133606776400809,0.016521897186263027
8327,0.9916018058693427,0.000986009781230593,0.007412184349426867
8328,0.08120624553862467,0.0006166930329929641,0.9181770614283824
8329,0.9966826750262239,0.0011441314478306342,0.002173193525945274
8330,0.08770194801030858,0.0019384767610337828,0.9103595752286576
8331,0.9769912523499028,0.0001352327293658797,0.02287351492073134
8332,0.13223069138371332,0.6721360078392904,0.1956333007769963
8333,0.9075916346639846,9.5439456802486e-05,0.09231292587921303
8334,0.9820423917054739,0.00018077053671880343,0.01777683775780717
8335,0.9879546501777685,7.022796423223666e-05,0.011975121857999208
8336,0.11870522678003413,0.008057911358885839,0.87323686186108
8337,0.6533047312539191,0.010624687129889045,0.3360705816161918
8338,0.9235738671732494,0.02014418597263856,0.056281946854112114
8339,0.16545597610482882,0.013278010521558584,0.8212660133736125
8340,0.9902246063476746,0.0006020469430151281,0.00917334670931035
8341,0.9674436426033843,0.004538430263246478,0.028017927133369303
8342,0.9966178361882604,0.0017762461356821805,0.0016059176760572953
8343,0.6151089540516825,0.0029555682316847625,0.38193547771663267
8344,0.01863256665616652,0.006509422592225153,0.9748580107516084
8345,0.9973665741615535,6.871115527654476e-05,0.0025647146831699118
8346,0.7821722113448345,0.0043170797208365265,0.213510708934329
8347,0.240167922498483,0.04088104941461051,0.7189510280869066
8348,0.3249605333373959,0.013352914752543518,0.6616865519100605
8349,0.9901143227438486,0.00014540357353059062,0.009740273682620775
8350,0.6113626195338183,0.005931251273173779,0.3827061291930079
8351,0.7780753220658024,0.0005564661109211024,0.22136821182327643
8352,0.8591175944470216,0.0043389711800625765,0.13654343437291572
8353,0.004970885565449304,9.450014584774955e-05,0.9949346142887029
8354,0.010681739999523815,0.01500346555011611,0.97431479445036
8355,0.9952784358767751,0.0001393704298847929,0.004582193693340123
8356,0.8270710587658454,0.034454485660395946,0.13847445557375848
8357,0.0259241827946223,0.0010849073367348572,0.9729909098686429
8358,0.010370813773261212,0.05491931700032604,0.9347098692264127
8359,0.995448970986917,9.696867562357504e-05,0.004454060337459469
8360,0.9422581409762485,0.00018148318859665614,0.057560375835154845
8361,0.23282179917706033,0.006560649306006905,0.7606175515169328
8362,0.9254184136752143,0.007140015889882035,0.0674415704349036
8363,0.533031286019288,0.0009172711905369401,0.4660514427901752
8364,0.9941654222989854,0.0014307696831188325,0.004403808017895698
8365,0.8519053463534683,0.00024069178175963128,0.1478539618647721
8366,0.8092357367274833,0.0024131327749895718,0.18835113049752725
8367,0.6075791359212529,0.0018191028610778134,0.3906017612176692
8368,0.9657917607256687,0.0011437431030907523,0.0330644961712405
8369,0.5084885278994347,0.0005987927985904934,0.49091267930197485
8370,0.8629136815419576,0.0017849619588095362,0.13530135649923275
8371,0.8785015939495308,0.0036427140338645627,0.11785569201660467
8372,0.0006196500556126924,5.2580815523290284e-05,0.9993277691288641
8373,0.0021789487408577614,0.0005487838828902616,0.997272267376252
8374,0.13115022099236684,0.0012564202669542097,0.8675933587406789
8375,0.9971228451776031,8.602554327822215e-05,0.002791129279118726
8376,0.13138358699777064,0.013294607716175884,0.8553218052860534
8377,0.9442557181765958,0.012389273785343775,0.04335500803806037
8378,0.9482124054016808,0.029925138828010962,0.021862455770308188
8379,0.9938502034153006,0.0009608886820754646,0.005188907902623983
8380,0.6482807393561976,0.04827793130996004,0.3034413293338425
8381,0.9919847244659208,0.0006420206324835259,0.007373254901595681
8382,0.45207678614915386,0.001938770423530179,0.545984443427316
8383,0.9835620837984336,0.00011613476017823974,0.01632178144138815
8384,0.98334466103228,0.0028930274729228253,0.01376231149479726
8385,0.005155859568252747,0.12160122997953174,0.8732429104522156
8386,0.26449321400978265,0.10251329452317509,0.6329934914670423
8387,0.9939322571673909,0.00020395090393845547,0.005863791928670526
8388,0.6038394474498713,0.0062106318411350395,0.3899499207089936
8389,0.6187517864861054,0.02671695555531667,0.35453125795857776
8390,0.015354993759206008,0.0075205016502454935,0.9771245045905486
8391,0.831602083408999,0.0006645401133079246,0.16773337647769315
8392,0.952875728506544,0.005346110549977111,0.04177816094347884
8393,0.9979460981260665,0.00014247477331726205,0.001911427100616239
8394,0.24092482228344317,0.0012223526309608742,0.7578528250855959
8395,0.0553950360214328,0.0008789291036559164,0.9437260348749112
8396,0.8099651918117854,0.024240547583837514,0.16579426060437716
8397,0.9886957266169761,0.0005592702153740364,0.010745003167649845
8398,0.9499968747467888,0.0018509530330939358,0.048152172220117216
8399,0.8239524238847429,0.12804094174112837,0.048006634374128686
8400,0.0016647549187798164,0.00038334617773205093,0.9979518989034881
8401,0.3125527645757959,0.46881265094594227,0.21863458447826187
8402,0.028091860721038642,0.5360846508314329,0.43582348844752855
8403,0.02327325755827752,0.0021227836785002708,0.9746039587632221
8404,0.4830884293024816,0.0005636099873108399,0.5163479607102076
8405,0.008698576922400775,0.0001620332536180902,0.9911393898239812
8406,0.9730248831191461,7.391373519548161e-05,0.026901203145658508
8407,0.9520092402826376,0.0017166253345423557,0.04627413438282013
8408,0.8703391076358906,0.0004574328883817914,0.12920345947572767
8409,0.06361619353543883,0.0007992070262443236,0.935584599438317
8410,0.27471038224913324,0.4095210128498361,0.31576860490103065
8411,0.9622841032224285,0.0028200038799903377,0.03489589289758127
8412,0.0059334427759476635,7.66487781446099e-05,0.9939899084459077
8413,0.00017922774673432288,0.00011919901988137372,0.9997015732333843
8414,0.961644588709283,0.00020150790195843827,0.0381539033887586
8415,0.9682333279931131,0.007845484036369955,0.023921187970516896
8416,0.9211684289606655,0.02079188925849218,0.0580396817808424
8417,0.3714661772416218,0.0013175698539428962,0.6272162529044353
8418,0.8859812040466832,0.001866125427652159,0.1121526705256646
8419,0.0031758928411605883,0.006924843677464042,0.9898992634813754
8420,0.8893325606908805,0.0004648688339058365,0.11020257047521356
8421,0.06211303924757182,0.005888867651446422,0.9319980931009818
8422,0.9574168416514781,0.0011575421027586103,0.04142561624576323
8423,0.9945252236693298,0.0008939110950395169,0.0045808652356306365
8424,0.7211336119689139,0.019233743213319224,0.25963264481776677
8425,0.9352519114902664,0.000536246105962254,0.06421184240377133
8426,0.004599361242241413,0.0036451774534916976,0.991755461304267
8427,0.8601490786005126,0.05151534643115463,0.08833557496833287
8428,0.9972412101255401,1.1014262181810902e-05,0.0027477756122780863
8429,0.9891105110209215,0.0002393740937517299,0.01065011488532683
8430,0.9470419864600793,0.011821060116379008,0.041136953423541824
8431,0.028204982852594207,0.0013320501297456179,0.9704629670176602
8432,0.33597026202851377,0.051393197652018364,0.6126365403194679
8433,0.9642893799846195,0.010337442426806656,0.025373177588573825
8434,0.0005291422229588105,0.00019209430665660337,0.9992787634703846
8435,0.9665489697425181,0.00015817809844270616,0.033292852159039134
8436,0.618770834092826,0.04469055755600331,0.3365386083511708
8437,0.006217639296794521,0.0006328055870584116,0.993149555116147
8438,0.98594956505792,0.006406282682258156,0.00764415225982176
8439,0.6340832936991055,0.01249589196416256,0.35342081433673195
8440,0.5964585838499921,0.3266012313421495,0.07694018480785848
8441,0.32323869684550394,0.00047217210030754887,0.6762891310541886
8442,0.9512925511171207,0.002635452105361045,0.04607199677751834
8443,0.9813364075047304,0.00030339767894317464,0.018360194816326485
8444,0.9853927380061858,0.010609432613932929,0.0039978293798812155
8445,0.9950095257191767,0.0014781899027658636,0.003512284378057444
8446,0.8424042773028272,0.00022764775405525743,0.15736807494311755
8447,0.06281097086264957,0.005936751291759471,0.931252277845591
8448,0.9736744632068856,7.87482985086833e-05,0.026246788494605763
8449,0.48108780443436155,0.13023363282832673,0.38867856273731183
8450,0.6820109754190482,0.04080127993257517,0.27718774464837653
8451,0.9862900649320832,0.0002663357511451093,0.013443599316771726
8452,0.9944877852292215,0.0009546852082970191,0.004557529562481349
8453,0.816995262969677,0.017497767310566445,0.16550696971975656
8454,0.24201076415324171,0.008709691459491017,0.7492795443872673
8455,0.06298769476904466,5.9610764745037085e-05,0.9369526944662102
8456,0.454864065885359,0.004477639567068955,0.5406582945475721
8457,0.9792157114493129,0.00024278383994412702,0.020541504710743022
8458,0.7069440264189566,0.14042857295982938,0.15262740062121394
8459,0.9781270999486193,0.0009270610262808142,0.020945839025099958
8460,0.9537476928625964,0.00968941542393703,0.03656289171346653
8461,0.012972053368410728,0.009783514360849838,0.9772444322707393
8462,0.9420485994016817,0.00539795925244662,0.052553441345871824
8463,0.5225966963002296,0.00039573394284754776,0.47700756975692277
8464,0.9788763412269719,0.007990821199768315,0.013132837573259774
8465,0.5231404905079844,0.002446847128394818,0.4744126623636208
8466,0.8826124557458134,0.10040761431955472,0.016979929934631818
8467,0.9717921700399537,0.0005272341653652127,0.027680595794681198
8468,0.2983977623490201,0.012874635522186673,0.6887276021287932
8469,0.012963327659207014,0.0035445733786353567,0.9834920989621576
8470,0.8745826490604668,0.008150364892140556,0.11726698604739272
8471,0.9729298050805326,0.0013891624163251289,0.025681032503142222
8472,0.9696048356576402,0.0007582044222571126,0.029636959920102703
8473,0.981835202336482,0.014855039655692674,0.0033097580078253392
8474,0.5167859194206885,0.40274687285942534,0.08046720771988623
8475,0.026716643373563647,0.006106976526940522,0.9671763800994958
8476,0.9691136754156982,0.007351127876179609,0.023535196708122284
8477,0.3824569492594777,0.204936265708616,0.4126067850319063
8478,0.9650852413968212,0.002586349615922571,0.03232840898725616
8479,0.9664723706195085,0.0007761116850862993,0.03275151769540517
8480,0.9857546143635565,0.0034055311846989435,0.010839854451744532
8481,0.9961014563140561,0.0024681798810944258,0.0014303638048495289
8482,0.34678756748168205,0.0010079507916405594,0.6522044817266774
8483,0.03406609319170475,0.0007651540129790463,0.9651687527953163
8484,0.8899383670201707,0.04042321059874268,0.0696384223810865
8485,0.9916568410395343,0.00020810110347084241,0.008135057856994686
8486,0.012904479824648433,0.010599967034962944,0.9764955531403887
8487,0.9310201498675594,0.003743720424032652,0.06523612970840789
8488,0.9925891165916478,0.00010071927262098962,0.007310164135731284
8489,0.8694941990195408,0.001960374150475278,0.12854542682998385
8490,0.009789507490010613,0.005001036268694089,0.9852094562412953
8491,0.03359663298860557,0.000569720009015066,0.9658336470023794
8492,0.8362752186535369,0.11827717148348843,0.04544760986297462
8493,0.7303763745807583,0.0004928331693187175,0.2691307922499228
8494,0.885803768961482,0.0004499498369827812,0.11374628120153522
8495,0.9960902932042345,0.0004776709747444585,0.0034320358210211685
8496,0.9811451724700686,0.004638255954966856,0.014216571574964488
8497,0.9882674539100781,0.00044701150848319265,0.011285534581438553
8498,0.010119298326795761,0.0007754949367886338,0.9891052067364156
8499,0.9659780793956353,0.0004890700724142686,0.033532850531950265
8500,0.9440446006151036,0.016291452903777984,0.03966394648111847
8501,0.8001217190483038,0.0013665622871201937,0.19851171866457612
8502,0.01840558412607397,2.5822915578964784e-05,0.9815685929583472
8503,0.9345937075277668,0.013509693387731798,0.05189659908450135
8504,0.007569940260616681,0.0006133026933411416,0.9918167570460421
8505,0.9458507110436659,9.094190943423157e-05,0.054058347046900046
8506,0.995855858418157,9.973806898426571e-05,0.004044403512858699
8507,0.889657559828229,0.00012592552932522155,0.1102165146424459
8508,0.9613764175148005,0.0009085539754329909,0.03771502850976645
8509,0.9921005409427711,0.0009599487809766798,0.006939510276252162
8510,0.9035742719799066,0.005026031424078448,0.09139969659601477
8511,0.9939666198890176,0.0014919425015373095,0.0045414376094450575
8512,0.00792911754713934,0.0003139391223629292,0.9917569433304977
8513,0.29006691591453065,0.12996805889032279,0.5799650251951466
